 0.5030833	23.0016980	 1.2731910	-0.0123530	 9.5170000	1	0.5043000	 36.0432100	 -4.0374690
 0.5807238	23.5739370	 0.9743460	-0.0250760	 9.1690000	1	0.5820000	 36.0616340	 -4.5171580
 0.4947951	22.9601390	-0.7288370	-0.0996830	11.5800000	1	0.4960000	 36.0972870	 -4.7207740
 0.3459278	22.3981370	-1.1551100	-0.0405810	10.8210000	1	0.3470000	 36.6572350	 -4.8387790
 0.6776617	24.0781150	 0.6188200	-0.0393800	 8.6470000	1	0.6790000	 36.5677480	 -4.9350500
 0.6107114	23.2852410	-1.1615630	-0.0949430	 9.7150000	1	0.6120000	 36.6299680	 -4.0523410
 0.8664940	24.3536780	 0.3764090	-0.0632690	 8.5300000	1	0.8680000	 36.0587950	 -4.6658520
 0.3309315	21.8614120	 0.6503940	-0.0175770	10.3910000	1	0.3320000	 36.4316480	 -4.1440590
 0.7985657	24.5103890	-1.0566660	-0.0559750	10.6510000	1	0.8000000	 36.7319350	 -4.3022170
 0.4495611	22.6671260	 0.8101130	-0.0859620	10.6950000	1	0.4490000	215.2230490	 52.6056240
 0.3714426	22.2730520	 0.5695790	-0.0544630	10.1980000	1	0.3709000	214.4935800	 52.4826130
 0.2917178	21.9610680	 0.7606880	 0.1161180	10.2110000	1	0.2912000	214.1392970	 52.3421900
 0.3558191	22.9266190	 0.0557580	 0.2047490	10.8310000	1	0.3553000	214.9825010	 53.0974010
 0.4612732	22.5751270	 1.8616820	-0.0430230	 9.3390000	1	0.4607000	214.6663640	 52.6120790
 0.2836023	21.2569430	 0.9373990	-0.0851970	10.6280000	1	0.2850000	333.6909590	-17.7396550
 0.6322239	23.7391800	 0.2085420	-0.0505310	 8.7510000	1	0.6340000	333.6001660	-17.7767260
 0.4664050	23.7895460	 0.3769960	 0.1224160	 9.4640000	1	0.4680000	334.0413660	-18.0775900
 0.2686160	21.0584690	 1.1505570	-0.0801200	 6.0000000	1	0.2700000	334.0276110	-17.7046560
 0.9468779	24.4603750	-0.0956360	 0.0567110	11.0080000	1	0.9490000	333.6406400	-17.5875110
 0.9249056	24.7058510	 0.8633440	-0.0575290	 9.7050000	1	0.9270000	333.4183940	-17.6816410
 0.6931550	24.0320700	-1.7638590	-0.0767970	10.3890000	1	0.6950000	334.1744180	-17.9262710
 0.6252231	23.3869390	 1.1278900	-0.0429070	 9.4140000	1	0.6270000	334.3792800	-17.6296530
 0.8969319	24.3333280	 1.4542850	-0.0841880	 9.8790000	1	0.8990000	333.5426630	-17.5066170
 0.6082517	23.2453500	 1.1380230	-0.0983770	 5.2940000	1	0.6100000	333.7105230	-17.9564790
 0.7890431	24.2222610	 0.7842110	-0.0425470	10.0050000	1	0.7910000	334.0602140	-17.3955730
 0.5782821	23.3242990	 0.5092930	-0.0360820	 7.6380000	1	0.5800000	333.5955520	-17.7340320
 0.5902706	23.4310580	 1.0011080	 0.0116260	10.1620000	1	0.5920000	334.1674580	-18.1644580
 0.7196261	23.8986870	 0.3914470	-0.0335710	 6.0000000	1	0.7210000	 36.4748350	 -4.9946100
 0.2100321	21.0567790	-1.2362560	-0.0026740	10.6350000	1	0.2110000	 36.5769350	 -4.3119680
 0.7665897	24.1320260	 0.9058210	-0.1187690	 9.6400000	1	0.7680000	 36.6496210	 -4.4226230
 0.8585126	24.2461150	 0.7280600	 0.0471310	 8.7300000	1	0.8600000	 36.4109240	 -4.9026310
 0.3679039	22.1566210	 0.7889750	-0.0920730	 8.1990000	1	0.3690000	 36.5368080	 -4.1096340
 0.5587460	23.6999830	 0.2851300	 0.1116830	 9.6450000	1	0.5600000	 36.1770630	 -4.7903260
 0.8485090	24.2953290	 1.1511840	-0.0542380	 8.0860000	1	0.8500000	 36.0362260	 -4.8310710
 0.9963899	24.6176720	 1.2733600	-0.1310630	 9.0340000	1	0.9980000	 36.2002120	 -4.1525590
 0.7765941	24.3977680	 0.1352200	 0.0992590	10.3800000	1	0.7780000	 36.9618180	 -4.9437900
 0.5829321	23.2732460	 0.2651560	-0.1046180	11.3380000	1	0.5842000	 36.5523190	 -4.1348000
 0.5837424	23.3357980	 0.2181450	-0.0627640	 9.9290000	1	0.5850000	 36.9694170	 -4.1802520
 0.7965520	24.1289170	 0.6986410	 0.0942530	 7.9660000	1	0.7980000	 36.0396490	 -4.9787210
 0.5887207	23.3964140	-0.0667820	-0.0689220	 9.1700000	1	0.5900000	 36.2598400	 -4.2361870
 0.9134725	24.3439670	-0.0440700	-0.1607380	 9.3970000	1	0.9150000	 36.6778990	 -4.3061900
 0.7685866	24.5461760	-0.3341640	 0.0851590	10.4180000	1	0.7700000	 36.6036500	 -4.3994000
 0.9484544	24.6773440	 0.1826110	 0.0412780	10.2150000	1	0.9500000	 36.9156330	 -4.6311720
 0.5137930	23.5725540	 0.9859640	 0.1029760	 9.8080000	1	0.5150000	 36.7673290	 -4.1752870
 0.7336082	23.9853800	-1.3445500	-0.1168570	11.3820000	1	0.7350000	 36.3019930	 -4.7015840
 0.6377003	24.0121420	-1.6110680	 0.1067440	 9.3140000	1	0.6390000	 36.8686410	 -4.7449340
 0.7655881	24.2442080	 0.1809280	 0.0120600	10.4960000	1	0.7670000	 36.6378130	 -4.1071770
 0.4348605	22.5564930	 0.8283690	-0.0570390	 9.8880000	1	0.4360000	 36.9464480	 -4.2537650
 0.9834068	24.7604730	 0.5948690	-0.0993340	 9.7690000	1	0.9850000	 36.2959580	 -4.6183490
 0.5837427	23.5642760	-0.4428710	-0.0664130	10.6230000	1	0.5850000	 36.9839950	 -4.1760710
 0.7006311	23.8578420	 0.1365560	-0.0115660	10.6380000	1	0.7020000	 36.2033160	 -4.5689500
 0.6620580	24.0726520	 0.4451700	 0.0841120	10.4160000	1	0.6634000	 36.0949080	 -4.3536210
 0.8381384	24.3379040	-1.3137880	-0.0904050	 9.6420000	1	0.8360000	150.4686460	  2.1641060
 0.6218848	23.5813030	-0.2973090	-0.0435850	 7.5420000	1	0.6200000	150.2179560	  2.0412300
 0.3705959	22.4629240	-0.8615690	-0.0140220	10.8090000	1	0.3690000	150.4837070	  1.8794780
 0.4166417	22.5465720	 0.3851520	-0.0497530	10.2350000	1	0.4150000	149.8671660	  2.3210140
 0.3585790	22.4250170	 0.0938950	 0.0605140	 8.3860000	1	0.3570000	150.0920260	  1.7653980
 0.4516913	22.9032570	-1.5876990	 0.0281250	10.2460000	1	0.4500000	150.5944490	  1.8941610
 0.5227724	23.3290870	 1.1402060	 0.0184410	 9.3260000	1	0.5210000	150.4136040	  1.8830520
 0.7340080	24.2118210	-1.3520310	-0.1409400	 8.8340000	1	0.7320000	149.8348880	  2.5088790
 0.7019767	24.2267770	-1.9082780	 0.0405800	 6.0000000	1	0.7000000	150.3049140	  2.4150500
 0.7420200	24.0942120	 0.3576310	-0.2018280	10.9910000	1	0.7400000	149.7020910	  1.7717370
 0.7461304	23.8559110	 0.7890910	-0.0244820	 6.0000000	1	0.7441000	150.1555920	  1.7119270
 0.3495689	22.5101670	-1.7969390	 0.0846470	10.9600000	1	0.3480000	150.1481250	  1.7841810
 0.5918465	23.3861830	 1.5810160	 0.0225250	 9.0970000	1	0.5900000	149.9412010	  2.1410250
 0.5147569	23.7767210	 1.5414330	 0.1557880	 9.5480000	1	0.5130000	150.1522150	  2.5770670
 0.6206313	23.7843060	-0.6770250	-0.0279370	 9.5170000	1	0.6200000	214.4582450	 52.9636110
 0.6436455	23.7864780	-0.2046580	-0.0275140	 9.9800000	1	0.6430000	214.5518100	 52.6583320
 1.0027934	25.0393690	 0.6716530	-0.0164580	 9.4800000	1	1.0020000	214.4516860	 52.4706780
 0.4705851	23.5323830	-2.0692500	 0.1058320	 6.0000000	1	0.4700000	214.5416710	 52.2776860
 0.6106426	23.5599580	-0.8306820	-0.1187420	10.4850000	1	0.6100000	214.4420080	 52.2675530
 0.2634865	21.6664800	-1.0828840	 0.0271240	10.2900000	1	0.2630000	214.7826440	 53.0719480
 0.3583351	22.5156070	-0.3866410	 0.0791610	10.1890000	1	0.3578000	214.6091020	 52.5284680
 0.7426960	24.0961720	-0.4298040	-0.0407370	 9.2990000	1	0.7420000	214.2411880	 52.3794720
 0.4515553	23.2419240	-0.2136240	 0.1913950	11.3400000	1	0.4510000	215.6357960	 52.6469210
 0.9107507	24.6544490	-0.4490290	-0.1457570	 6.0000000	1	0.9100000	215.0569480	 52.2827770
 0.5526041	23.4881300	-0.5739440	 0.0735140	10.7900000	1	0.5520000	215.5287310	 52.2285870
 0.3375336	21.9662140	 1.2315340	-0.0186470	 9.2870000	1	0.3370000	214.1497260	 52.4788740
 0.7506802	23.8089320	 0.6235620	-0.0301920	 8.4590000	1	0.7500000	215.6397800	 52.1851840
 0.9837754	24.9827080	-1.3859380	 0.0094850	 8.8950000	1	0.9830000	214.9621200	 52.5031950
 0.8226956	24.3734930	-0.5565790	-0.1245030	11.1110000	1	0.8220000	215.2832090	 52.9747920
 0.8136949	24.2968090	-0.2688690	-0.1470720	 9.7190000	1	0.8130000	214.8573510	 53.1636940
 0.9507619	24.5959470	 1.1697600	-0.1374440	 9.8820000	1	0.9500000	214.1627830	 53.0932530
 0.8177314	24.2724190	 1.1896510	-0.0829730	 9.1270000	1	0.8170000	214.0759110	 52.2738040
 0.3405186	22.1373450	 0.6123330	-0.0037470	 9.3560000	1	0.3400000	215.6112830	 52.3334480
 0.9607496	24.5866940	 0.2008620	 0.0269760	 6.0000000	1	0.9600000	215.6604480	 52.6486870
 0.8107193	24.2335430	-0.0748160	-0.0149840	10.0320000	1	0.8100000	214.7346650	 52.1874650
 0.7566863	24.0549290	-1.0032540	-0.2463000	 7.4920000	1	0.7560000	214.9140990	 52.5538470
 0.6112425	24.0154910	-0.3605630	 0.0203410	10.5410000	1	0.6130000	333.9879200	-17.6955010
 0.8779595	24.3292320	 1.7424020	-0.1125100	 7.8440000	1	0.8800000	333.7821000	-18.0602750
 0.5483151	23.3369080	 0.6487720	 0.1012080	 8.7060000	1	0.5500000	333.7059330	-17.8275950
 0.8090208	24.3950230	-0.2658320	 0.0027840	 8.9770000	1	0.8110000	333.8560580	-17.2451590
 1.0287875	24.5888300	 1.1031810	-0.1415130	10.7850000	1	1.0310000	334.1861400	-17.8340710
 0.6272290	23.5128390	 0.9535620	-0.0339420	 8.3050000	1	0.6290000	334.1588990	-18.0663560
 0.4224430	22.7263470	 1.2367160	 0.0831470	10.0570000	1	0.4240000	334.0385790	-17.2944110
 0.9338880	24.8158850	 0.8461450	 0.0394290	 8.5280000	1	0.9360000	334.2412510	-17.6870250
 0.7011473	23.9214140	 0.0148910	-0.1076910	 9.4750000	1	0.7030000	333.9008660	-17.8389000
 0.6971534	23.5894620	 0.9764980	-0.1376690	10.9940000	1	0.6990000	334.1738040	-18.1050890
 0.6851689	24.1177290	-0.8659960	-0.0112010	 9.3250000	1	0.6870000	333.5910570	-17.9434870
 0.7670644	24.1983080	 0.6807170	-0.1735710	10.3240000	1	0.7690000	334.0891650	-17.2290270
 0.9318892	24.3988120	 0.3183490	-0.2137130	10.8550000	1	0.9340000	334.3209370	-17.6773820
 0.8639662	24.3984820	 1.3380300	-0.0065600	10.9310000	1	0.8660000	333.9818000	-17.6574780
 0.7490895	23.8301750	 0.9369070	 0.0329300	11.1990000	1	0.7510000	333.7535250	-17.3960420
 0.5143439	22.8807620	 1.5313480	-0.0700640	 9.1010000	1	0.5160000	333.7857250	-17.2610280
 0.4683970	22.6349690	 1.5281240	-0.0628440	 8.0240000	1	0.4700000	333.5596660	-17.3502170
 0.4703894	23.7589540	 0.4482130	 0.1534740	 9.2390000	1	0.4720000	334.2613580	-17.3328140
 0.9588595	24.7730870	-0.7016760	-0.1999870	11.2260000	1	0.9610000	334.3287200	-17.6654950
 0.9278972	24.7597230	 0.0862320	-0.1141890	 8.3570000	1	0.9300000	333.4649020	-17.4048950
 0.8405216	24.2542810	 1.8619940	-0.0130030	 8.6310000	1	0.8420000	 36.3021080	 -4.6023350
 0.6306986	23.7009740	-0.2467960	 0.0014430	10.1110000	1	0.6320000	 36.7377330	 -4.1175670
 0.5627504	23.5066450	-0.1482760	-0.0090660	 9.3160000	1	0.5640000	 36.6298660	 -4.1648010
 0.6156978	24.0707440	-0.0946870	 0.1089580	 9.7240000	1	0.6170000	 36.1035400	 -4.7128000
 0.8285279	24.3615880	 2.2924120	-0.0672450	 8.4200000	1	0.8300000	 36.2735630	 -4.2208180
 0.5647407	23.2851410	 1.2295750	-0.0212390	10.2340000	1	0.5660000	 36.1110400	 -4.9915580
 0.5787449	23.2785950	 0.6507230	-0.0454010	 9.4160000	1	0.5800000	 36.9457910	 -4.0324900
 0.5577426	23.5220280	-0.5943060	 0.0004290	10.9730000	1	0.5590000	 36.1947860	 -4.0004850
 0.8644965	24.2773290	 0.2310910	-0.1416760	11.0430000	1	0.8660000	 36.0230100	 -4.9399060
 0.7356074	24.3002080	-1.4644080	-0.0516960	11.1250000	1	0.7370000	 36.3464210	 -4.6426710
 0.8585067	24.6223550	 0.4144450	 0.0752530	10.3790000	1	0.8600000	 36.4227360	 -4.0045350
 0.2619837	21.1897970	 1.3802550	-0.0103420	 8.9300000	1	0.2630000	 36.1632340	 -4.6342530
 0.5857433	24.0877890	 1.0970630	 0.1479140	 9.8540000	1	0.5870000	 36.9425720	 -4.7172860
 0.7615798	24.0400310	 0.1771220	-0.0569500	 6.0000000	1	0.7630000	 36.1238710	 -4.5703380
 0.4887993	22.8684840	 0.5450380	-0.0684050	 7.4660000	1	0.4900000	 36.0831960	 -4.6700040
 0.8585159	24.4271010	 1.1584790	-0.1366330	 8.9110000	1	0.8600000	 36.5532020	 -4.7733700
 0.6886559	23.6044280	 0.2277700	-0.1075410	 8.8510000	1	0.6900000	 36.6928820	 -4.8624960
 0.5587423	24.1487460	 0.6580040	 0.1330070	 8.4250000	1	0.5600000	 36.1397450	 -4.3189600
 0.3245411	21.9933750	-0.1469180	-0.0396280	10.0980000	1	0.3230000	150.4618590	  2.1063290
 0.4807139	22.6710510	 1.1235070	-0.0540590	11.1530000	1	0.4790000	149.7468120	  2.4895040
 0.1853794	20.7589550	-0.0751130	 0.0012220	 9.2100000	1	0.1840000	150.3697000	  1.8627320
 0.9222341	24.6640610	-0.4338730	 0.0268350	10.2770000	1	0.9200000	150.2846640	  2.1303210
 0.6819538	23.4994190	 0.5408800	-0.1507040	 6.0000000	1	0.6800000	150.4176830	  2.5661610
 0.4757173	22.7153290	-0.0071880	-0.1040000	 8.8380000	1	0.4740000	150.5708300	  2.2406000
 0.9222231	24.3802240	-0.3106840	-0.1384100	 9.1440000	1	0.9200000	149.6273240	  2.5364020
 0.8931958	24.5760000	 1.3243380	-0.0277390	 9.4130000	1	0.8910000	150.1168020	  2.5215390
 0.4286554	23.3968030	 0.9005990	 0.1586260	 9.5340000	1	0.4270000	149.8524190	  2.3281810
 0.6318933	23.6059380	-0.9308610	 0.0784910	10.9770000	1	0.6300000	150.0085060	  2.2158520
 0.6999722	24.4561740	-2.6418110	 0.0057520	10.9410000	1	0.6980000	150.1883390	  2.5728510
 0.7360193	24.3839430	 0.3199160	 0.0988400	 9.7610000	1	0.7340000	150.4257590	  2.1237940
 0.5758336	23.6526010	 0.1722390	 0.0336310	10.2440000	1	0.5740000	150.3496910	  1.8577410
 0.4186432	22.4689500	 1.1432280	-0.0133400	 8.8150000	1	0.4170000	149.6336230	  2.0322410
 0.5117564	22.9072260	 1.2375970	-0.1172790	 7.7380000	1	0.5100000	150.2420760	  2.1831000
 0.5357813	22.9917310	 0.8806420	-0.0555370	 8.6760000	1	0.5340000	150.0606830	  2.4074380
 0.6419044	23.6778780	-0.2105810	-0.1034470	 9.9970000	1	0.6400000	149.8591010	  2.0136260
 0.7350080	24.0009740	 0.8361610	-0.0755470	10.8750000	1	0.7330000	149.7854250	  2.6020000
 0.3515696	22.6849080	-0.6743990	 0.0374490	10.9770000	1	0.3500000	150.0191370	  1.8860250
 0.6098709	23.9276150	 0.1489060	 0.0644170	 9.4180000	1	0.6080000	150.3604620	  2.3177290
 0.3495659	22.2282910	-0.0897360	-0.0749220	 9.2870000	1	0.3480000	150.2620610	  2.6580850
 0.7019805	23.9575220	 0.5094140	-0.0133230	 8.0330000	1	0.7000000	150.4786500	  2.0929120
 0.3552704	22.3872220	 1.2772360	 0.0137570	 8.6570000	1	0.3537000	149.7859620	  2.2040040
 0.9832941	24.6666880	 1.1767870	-0.0355490	10.5950000	1	0.9810000	149.6310420	  2.4912210
 0.8721650	24.4265920	-0.7426210	-0.1963030	 6.0000000	1	0.8700000	149.7072960	  2.7102640
 0.7590425	24.1069560	 1.5125140	-0.0131770	 9.0540000	1	0.7570000	150.2426200	  2.3727300
 0.9262338	24.8112770	 1.1390280	 0.0563980	 8.5570000	1	0.9240000	149.7530250	  1.8489850
 0.6436407	23.6153000	 0.5906530	-0.0629960	 8.4420000	1	0.6430000	214.8232630	 52.6875190
 0.4195678	22.9380580	-0.2579560	 0.0081420	 9.6090000	1	0.4190000	214.2224620	 52.3450540
 0.5155865	23.6210900	 2.1204260	 0.1668710	10.0110000	1	0.5150000	215.4504430	 52.4452810
 0.8907281	24.2239350	-0.7252510	-0.2068870	 8.8760000	1	0.8900000	214.6923450	 53.1321380
 0.8056945	23.9032350	 0.6687730	-0.1612410	 9.8390000	1	0.8050000	215.2772590	 52.7505090
 0.4805673	22.9487580	-0.2070150	-0.0291750	11.2220000	1	0.4800000	215.6268670	 52.6067940
 0.8006958	24.2076720	 0.0873410	 0.1205570	 6.0000000	1	0.8000000	215.2100130	 52.6627180
 0.5806025	23.5165720	-0.4579820	-0.0616990	 9.0150000	1	0.5800000	215.6763160	 52.7246880
 0.7156507	23.9921970	-0.8063480	-0.0643550	10.7260000	1	0.7150000	215.2468940	 53.1788770
 0.8056937	24.3937360	-0.1858370	 0.0890620	11.1640000	1	0.8050000	215.2101320	 52.8340360
 0.7666828	24.2985770	 0.5024590	-0.0027230	10.4000000	1	0.7660000	214.7923040	 52.9593320
 0.6646365	23.5125510	 0.5577240	-0.1751950	 9.0040000	1	0.6640000	215.3065020	 52.9038090
 0.9017353	24.4084390	 0.9021730	-0.1543470	 9.6610000	1	0.9010000	214.4779210	 53.1675850
 0.7456641	23.9195860	 0.9392250	-0.0630820	10.4710000	1	0.7450000	215.5416550	 52.8781300
 0.7186791	23.7236800	-0.6140330	-0.1377540	10.8150000	1	0.7180000	214.3557680	 52.6187650
 0.7366894	23.6915780	 0.7736640	-0.1319750	 9.4570000	1	0.7360000	214.1977290	 52.5924880
 0.5795993	23.2951370	 1.4885100	 0.0019380	 8.8320000	1	0.5790000	215.4393380	 53.0299180
 0.3705304	22.6293700	-0.8925390	 0.0490400	 8.0080000	1	0.3700000	214.8697830	 52.8648480
 0.9607389	24.7187890	 0.3775440	-0.1590490	 6.0000000	1	0.9600000	215.6594800	 53.0669990
 0.8507282	24.1402360	 1.2781610	-0.1445340	10.6200000	1	0.8500000	215.0122680	 52.2708270
 0.6486390	23.9749750	-0.4497890	 0.0565790	 9.1380000	1	0.6480000	214.9738340	 52.7429860
 0.2194607	20.8521220	 0.6989420	-0.0399070	10.6300000	1	0.2190000	215.4584130	 53.1371190
 0.9367535	24.4943840	-0.1918320	-0.1030220	 9.5990000	1	0.9360000	215.3559080	 52.3579730
 0.6476385	23.8985050	 0.3102880	 0.0327060	 8.9310000	1	0.6470000	214.3823250	 53.1679280
 0.4615629	22.9750350	-0.7479120	-0.0461990	10.7770000	1	0.4610000	215.5955010	 52.4788650
 0.6006024	23.8452840	 0.1780650	 0.1057990	10.8730000	1	0.6000000	215.5505900	 53.1842750
 0.6706528	24.0642570	 0.5706700	 0.0541590	10.0780000	1	0.6700000	214.7493040	 52.6675600
 0.7606970	24.0318720	-0.1197970	-0.0413400	10.4320000	1	0.7600000	214.6885070	 52.3231450
 0.2464917	21.5056700	-0.6837720	-0.0004630	10.7230000	1	0.2460000	214.7517830	 52.3851200
 0.4705722	23.0234210	-1.6684010	-0.0782110	10.7880000	1	0.4700000	215.5379190	 52.2191790
 0.1694539	20.2932050	-1.4637430	-0.1431520	11.1330000	1	0.1690000	215.2624450	 52.4954380
 0.4973697	23.1025390	 0.1448230	-0.0259370	 8.9860000	1	0.4990000	334.1380870	-18.0049230
 0.6382243	23.8881380	 0.4885910	 0.0964060	 8.3810000	1	0.6400000	333.4476030	-18.1652650
 0.5073620	23.5591220	 0.8845520	 0.1678940	10.2850000	1	0.5090000	333.5439310	-17.9119440
 0.5353173	22.8718030	 0.9078570	-0.1453570	 9.4400000	1	0.5370000	334.2224490	-17.2360990
 0.5872753	23.6135980	 0.0864350	-0.0057070	10.2300000	1	0.5890000	334.1097750	-18.2320670
 0.7730705	24.0493630	 1.0401350	-0.1404160	 9.1090000	1	0.7750000	333.9856260	-17.9860700
 0.6991552	24.1073250	 0.1693190	 0.0598830	 9.2650000	1	0.7010000	333.7485980	-18.1334040
 0.3705029	22.2122250	 0.2538220	-0.0659480	 9.0470000	1	0.3720000	334.2692130	-17.6776230
 0.7610782	24.0819770	 1.0429960	-0.0172170	10.4610000	1	0.7630000	333.3810590	-17.2888450
 0.6991584	23.7331710	 0.6881690	-0.1220100	10.5540000	1	0.7010000	333.5402090	-18.2267130
 0.7880496	23.9758470	 1.3957980	-0.1092840	 8.9800000	1	0.7900000	334.3242430	-17.8801500
 0.3735042	22.1446130	-0.8330930	-0.1292990	10.5030000	1	0.3750000	333.7086680	-17.7387650
 0.4054693	22.8017790	-0.9888870	-0.0475260	10.4290000	1	0.4070000	333.6076950	-17.6711110
 0.8529824	24.4327600	 0.3332050	-0.0081020	 9.9940000	1	0.8550000	334.2328250	-18.0514610
 0.8080372	24.6084130	-0.4146820	-0.1264270	 8.3210000	1	0.8100000	333.8754950	-18.2155020
 0.6032625	23.8294420	-1.5583730	-0.0660740	10.4370000	1	0.6050000	333.4971040	-18.2123450
 0.5832802	23.7126430	 0.2266590	-0.0256020	10.1330000	1	0.5850000	333.9688230	-18.1957190
 0.5343259	23.2947330	 0.2625250	 0.0697330	10.8550000	1	0.5360000	334.1146530	-17.7363160
 0.7201291	24.2354430	-1.1017310	-0.0274460	10.8830000	1	0.7220000	333.3767650	-17.7007850
 0.4004760	22.5873470	-0.7252860	-0.0046620	10.5430000	1	0.4020000	334.0839980	-18.0425570
 0.8369929	24.1892440	 0.2826050	-0.1578700	11.2770000	1	0.8390000	334.1722820	-17.5954610
 0.3714999	22.4381890	-0.7009210	-0.0514330	 8.3810000	1	0.3730000	333.8371350	-17.2680760
 0.8060300	24.4655400	 0.0289140	 0.0371610	 8.9840000	1	0.8080000	333.6973180	-17.5319010
 0.8399936	24.1908510	 1.2299040	 0.0698680	 8.4670000	1	0.8420000	334.3065160	-17.9127040
 0.5007380	23.2765590	 0.4706470	 0.0053220	 8.6170000	1	0.4990000	149.6786280	  2.1719840
 0.5327756	23.3130860	 1.2776650	 0.0486720	 9.8080000	1	0.5310000	149.7898230	  2.3025170
 0.5337767	23.4546780	-0.5524370	 0.0816120	10.8700000	1	0.5320000	149.8620300	  2.4513550
 0.9322425	24.7751780	 0.2581220	 0.0230430	 7.9080000	1	0.9300000	150.2415040	  2.5340390
 0.8221159	24.1891880	 2.0003610	-0.0051640	11.3260000	1	0.8200000	150.4342470	  2.7133140
 0.5538081	23.4112470	 0.0123830	-0.0317990	11.1930000	1	0.5520000	150.3667330	  1.8636300
 0.1253061	19.7522860	-0.3565710	-0.0194850	 9.7400000	1	0.1240000	149.8839460	  1.8279220
 0.8421361	24.2830470	 1.2612430	-0.0594060	 9.0510000	1	0.8400000	149.7837870	  1.9384930
 0.4436778	22.9947470	-1.6324680	-0.0140600	10.9050000	1	0.4420000	150.1975810	  1.9854060
 0.7276743	23.9465630	-0.7946680	-0.1067860	10.2930000	1	0.7270000	214.2918400	 53.0248260
 0.6836582	24.0546880	 0.6919640	-0.0003850	10.0830000	1	0.6830000	214.3816680	 52.9124730
 0.4425469	22.6638180	 1.1530240	-0.0261930	10.4600000	1	0.4420000	215.5717030	 52.9576820
 0.7266779	23.8967750	 0.6146990	-0.0722110	 8.7090000	1	0.7260000	214.2474650	 52.8825430
 0.2825097	22.1516380	 0.0875560	 0.0890970	 9.5890000	1	0.2820000	214.3402670	 52.4528160
 0.4045478	22.6027420	-0.3853570	-0.0690370	 9.5120000	1	0.4040000	214.6991740	 52.7565590
 0.5196097	22.8737550	 0.7701820	-0.1414980	 9.5540000	1	0.5190000	214.2545280	 52.2324010
 0.6906511	24.3784310	-0.1536590	 0.1770290	 9.4590000	1	0.6900000	214.8475810	 53.0230130
 1.0608001	24.7078700	-0.9526790	-0.1582070	 7.7150000	1	1.0600000	215.3055670	 52.4560790
 0.5766113	23.4566850	-1.3664280	-0.0756570	10.7660000	1	0.5760000	215.5198730	 52.3383660
 0.2684879	21.7118560	-0.0716230	 0.0483050	 9.5500000	1	0.2680000	215.0775230	 52.8971650
 0.7206794	23.9141450	 0.2353170	-0.0707670	 9.3000000	1	0.7200000	214.6309120	 52.4429080
 0.2504974	21.8642240	-0.5269120	 0.1151060	10.5900000	1	0.2500000	214.4359590	 52.3611820
 0.7606897	23.9066930	 0.5514390	-0.1292100	10.4380000	1	0.7600000	214.2634740	 52.9362520
 0.6981565	23.7301030	 0.6786180	-0.0979920	 8.5440000	1	0.7000000	333.8989060	-18.2291160
 0.5503060	23.2195240	 0.7685180	-0.0425550	 9.9600000	1	0.5520000	333.8671380	-17.4091830
 0.7301176	23.9051240	 0.6815490	 0.0125170	 9.2760000	1	0.7320000	333.7655110	-17.8834540
 0.8479737	24.1964520	 1.7521650	-0.1093640	 8.8610000	1	0.8500000	334.3218560	-17.2359370
 0.9978140	24.5290850	 1.1767530	-0.0866820	 9.3330000	1	1.0000000	334.2377200	-17.4506340
 0.4354373	22.5244560	-0.3959930	-0.0467950	10.6270000	1	0.4370000	333.8604920	-17.8691850
 0.4094611	22.5574330	 0.4308510	-0.0374090	 9.1070000	1	0.4110000	334.2313440	-17.7119800
 0.3015816	21.4424540	 0.5191020	-0.1619200	 9.3810000	1	0.3030000	333.5820530	-17.5850090
 1.2991106	25.6912310	 0.6643230	 0.0098960	 9.3810000	4	1.3000000	 53.1563330	-27.7796110
 1.0208081	24.9652970	 0.3054880	-0.1038000	10.0040000	4	1.0200000	189.3364600	 62.2281940
 0.8397350	24.3627090	-0.0816400	-0.0195460	10.6260000	4	0.8390000	189.4514200	 62.2264720
 1.1208513	25.1471130	 0.6204530	-0.0754910	 8.3350000	4	1.1200000	189.0576300	 62.2021000
 1.2308935	26.0467760	-0.0773740	 0.0870110	10.1340000	4	1.2300000	189.2363300	 62.2148140
 0.9742342	24.8861430	 1.7164800	-0.0046090	 9.3170000	4	0.9750000	 53.1055830	-27.7508360
 0.9707835	25.0200750	-0.1027100	-0.2181540	10.6330000	4	0.9700000	189.5375000	 62.3131220
 0.0641929	18.3479450	-1.2017990	 0.0100600	10.5310000	2	0.0653300	 17.7418560	  0.2762530
 0.1290376	20.3369450	-2.5286170	 0.0505060	10.4560000	2	0.1297600	 46.7956960	  1.1195520
 0.1028942	19.1569880	-0.0054340	-0.0874100	10.9550000	2	0.1041800	329.9559100	 -1.1937120
 0.0441378	17.5317280	-0.9526930	 0.0566780	 9.9980000	2	0.0454200	344.9275280	 -0.0137300
 0.1130417	19.1141330	 1.7336980	-0.0723510	 9.4200000	2	0.1140000	 33.5183940	 -0.2391780
 0.2561155	21.5379190	-0.6232650	-0.0268170	11.1300000	2	0.2576400	339.0176390	 -0.3751890
 0.3802587	22.2002810	-1.5102880	-0.2055320	10.6890000	2	0.3819000	  3.2897740	  1.1455410
 0.1454678	20.2834200	-1.6073550	 0.0751460	 9.2910000	2	0.1468000	  6.7504940	 -0.5866240
 0.0888849	19.1150820	-0.5475240	 0.0489450	10.1710000	2	0.0902000	337.6725250	 -0.7765890
 0.2605857	21.2181770	-0.9592410	-0.1187980	11.0280000	2	0.2620000	323.7990460	  0.1630790
 0.0789092	19.1497020	-0.5614850	 0.0962430	10.5900000	2	0.0799500	309.4718740	  1.2211220
 0.0830421	19.3862700	-1.8320760	 0.0362060	10.9550000	2	0.0843100	  5.4065640	 -1.0099730
 0.1656451	20.4120420	-1.0186840	 0.0374590	11.0850000	2	0.1669500	323.8780860	 -0.9802740
 0.1681698	20.1740200	-0.5801030	-0.0617560	10.4670000	2	0.1694000	316.7655640	  0.7230700
 0.1706269	20.7819760	-1.9181970	 0.0405630	 5.0000000	2	0.1720000	330.2555310	  0.7162390
 0.1702786	20.1347250	 0.8601710	-0.0897350	10.1180000	2	0.1716700	332.8654750	  0.7559780
 0.1204412	20.2098230	-0.3034640	 0.1408940	10.6290000	2	0.1217000	323.6941950	  1.1759120
 0.2765307	21.3654950	 0.2076330	-0.0413010	10.1400000	2	0.2780000	327.3991240	  0.0010780
 0.2315975	21.0989580	 0.7721320	 0.0348300	 9.3240000	2	0.2330000	 10.1623450	 -0.0735670
 0.3056898	21.5880740	-1.9554980	-0.0577130	10.9720000	2	0.3070000	312.6258930	  0.3986660
 0.0799653	19.0198220	-0.0693490	 0.0700490	10.0810000	2	0.0810000	 26.7930830	 -0.1469640
 0.1741447	20.3514220	 0.0260590	 0.0147060	10.4820000	2	0.1750000	 41.7861400	  0.7751280
 0.1386793	19.8970680	-0.5580400	-0.0640040	10.8960000	2	0.1397000	305.0090290	 -0.9756940
 0.1460661	20.0619640	 1.8873110	 0.0216520	10.7850000	2	0.1471700	309.6827770	 -0.4745290
 0.0813354	18.9156230	-0.3315000	-0.0053290	 9.7930000	2	0.0826600	351.6674500	 -0.8402760
 0.2338033	20.7930510	 1.1846230	-0.0915150	11.5630000	2	0.2352400	  6.6485020	 -0.3020720
 0.2565487	21.3067450	 0.1159680	-0.0809590	 8.8710000	2	0.2580000	  7.9585930	 -0.3829570
 0.2456204	21.1518670	 0.0704920	-0.0483480	 9.5650000	2	0.2470000	 13.6956090	 -0.2508630
 0.1259320	19.8902100	-0.3322650	-0.0122970	10.1930000	2	0.1270000	 27.3954580	 -0.6498820
 0.2235035	21.2365450	 0.7420380	 0.0288440	10.7140000	2	0.2250000	341.5673260	  0.4158960
 0.1026425	19.2061410	 1.4190430	-0.0232930	 5.0000000	2	0.1040000	347.8267830	  0.5046060
 0.1196715	19.5789680	-0.0143390	-0.0678700	 9.6240000	2	0.1210000	332.5427510	  0.5032650
 0.1805485	20.6743200	-0.1374190	 0.0521290	10.4140000	2	0.1820000	345.0249390	  0.5376700
 0.1970816	20.3482390	 0.9490200	-0.1447360	 9.9990000	2	0.1985300	357.7850590	 -0.7463410
 0.2291573	21.0934320	 0.3921840	-0.0133850	10.0270000	2	0.2306300	334.9594710	  0.0243710
 0.2645123	21.5354100	 0.3472120	-0.0218760	11.0530000	2	0.2660300	359.8187340	 -1.2503840
 0.1033680	19.3735170	-1.4129530	-0.0567820	11.1610000	2	0.1046700	  4.1722860	 -0.4245400
 0.3644064	22.2995620	 0.6598100	-0.1015280	11.2500000	2	0.3660000	  6.1406820	 -0.2790610
 0.2055981	20.6624690	 0.2586700	 0.0076960	 9.3630000	2	0.2070000	  7.0521110	  0.1180100
 0.1798096	21.1517470	 0.4798960	 0.0929620	 9.9750000	2	0.1806600	 42.0586740	 -0.3470280
 0.1995865	20.8498450	 1.1150090	 0.0176930	10.0140000	2	0.2010000	331.1004870	  0.6912140
 0.1565364	20.2980250	 1.0400640	 0.0879630	10.6480000	2	0.1576300	 27.5648230	 -0.8872720
 0.1617989	20.3283070	 1.7862150	 0.0197660	 8.5080000	2	0.1630000	315.1899530	  0.1916620
 0.2095326	21.8649700	-0.9776790	 0.2595380	10.3600000	2	0.2110000	338.5416790	  0.0549880
 0.2417868	21.8010570	-0.2001160	 0.1385330	10.4020000	2	0.2430000	 25.2433410	 -0.7278460
 0.2364495	21.4615120	-1.5536240	-0.0951930	11.1030000	2	0.2373700	 40.6123540	 -0.7941220
 0.2266835	21.0680800	-0.2458910	-0.0403270	 8.9020000	2	0.2280000	 17.3946970	  0.7041580
 0.2967790	21.3818500	 0.0793050	-0.0955220	10.5090000	2	0.2982600	326.0147820	  0.7262840
 0.2085188	20.7620420	 1.0264780	-0.0310550	 5.0000000	2	0.2100000	345.2187320	 -0.9811430
 0.2510358	21.9362420	-1.3394610	 0.0824370	10.9960000	2	0.2520000	 39.0202180	 -0.9941790
 0.2501197	20.9672430	 1.1611180	-0.1479130	10.4490000	2	0.2516000	  4.0161250	  0.8075580
 0.1177145	19.0522110	 0.7895630	-0.1013970	10.9500000	2	0.1190900	349.3738190	  0.4293840
 0.2197039	20.8555020	 1.2531080	-0.0402770	 9.6200000	2	0.2210000	317.5880810	  0.9326200
 0.1490108	19.9721550	 1.1168620	-0.0268760	 9.5890000	2	0.1504000	336.8332860	  1.0309710
 0.2874220	21.2628190	 1.0989360	-0.1666080	 5.0000000	2	0.2890000	350.1230890	 -1.1578470
 0.1435935	19.8379940	 0.7894920	-0.0189780	10.0180000	2	0.1450000	350.6915740	  0.5328830
 0.3283708	21.6447320	 1.1804480	-0.0183990	11.0420000	2	0.3300000	351.5617180	 -0.3822810
 0.2462436	21.0752700	 0.6248520	-0.0783920	10.4620000	2	0.2477000	  6.0596440	 -0.2482620
 0.1196622	20.3199890	 0.7429780	 0.1660430	 9.6000000	2	0.1210000	  1.6906100	 -0.0367600
 0.3283765	22.1904610	-0.7076750	-0.1002060	10.5100000	2	0.3300000	342.1110100	 -0.4352680
 0.2151264	21.4330420	-0.3164360	-0.0218460	 9.6700000	2	0.2164000	316.6424220	 -0.6479520
 0.1447760	20.4666140	-1.9229320	 0.0378700	 8.3780000	2	0.1460000	318.1985630	  0.9163480
 0.1324281	20.1473410	 0.2480820	-0.0008550	 8.9380000	2	0.1330000	 53.5946460	 -1.1232100
 0.2108241	20.4807310	 1.1252190	-0.0584710	10.9430000	2	0.2115000	 51.1366920	  1.0223650
 0.2039851	20.9123460	-0.3395990	-0.0325350	10.2840000	2	0.2054000	330.4701120	  1.0450110
 0.2795184	21.3496080	 0.6942480	-0.0301690	 8.8140000	2	0.2810000	328.2404020	  0.2537940
 0.0442823	17.5462940	-0.1624470	 0.0905150	10.5130000	2	0.0453900	 18.4887750	  0.3716690
 0.1803694	20.2288370	-0.3087800	-0.0685140	10.5140000	2	0.1810700	 49.0492940	 -0.6009440
 0.2606979	21.2610830	 1.2983490	-0.0809430	 5.0000000	2	0.2620000	314.8950500	  1.2232570
 0.0565424	17.7800750	 0.8643540	 0.0283530	 9.9300000	2	0.0578300	340.4251960	 -0.1369050
 0.2125981	21.2461330	 0.1413510	 0.0141870	 9.7410000	2	0.2140000	  7.8886750	 -0.1358140
 0.3694045	22.2100280	-1.1927970	-0.2208510	10.4790000	2	0.3710000	  6.9160980	  0.6495070
 0.1738551	20.4522670	-0.7456330	-0.0978080	11.2600000	2	0.1749000	 31.8298820	  1.2520840
 0.1426526	19.7086830	 0.5941790	-0.0948300	 9.7700000	2	0.1440000	332.0809590	 -1.1963870
 0.1778849	20.1526100	 0.2891990	-0.1069290	 9.8860000	2	0.1790000	308.1949540	  0.9270690
 0.3283679	21.8230690	-0.0409640	-0.0293960	10.9300000	2	0.3300000	343.5511040	  1.0506610
 0.2535080	21.3845960	-1.0397650	-0.1719540	10.9170000	2	0.2550000	  2.6817340	  0.2013060
 0.3000118	21.7066870	-0.0873970	 0.0328110	10.4690000	2	0.3011000	 35.1580350	  0.3483780
 0.1058849	19.3705660	-0.6726800	 0.0213130	10.3830000	2	0.1072200	336.7162990	  0.5060560
 0.2232828	20.9418120	 0.6338370	-0.0448980	10.9040000	2	0.2247000	  7.6632360	  0.1415810
 0.1184467	19.4366630	 1.2909900	-0.0465020	 8.9220000	2	0.1190000	 54.2771000	  0.0093600
 0.1765305	20.1787820	 0.2248010	-0.1177030	 9.8070000	2	0.1771000	 54.9464340	  0.9928160
 0.1827971	20.8673040	 1.0157440	 0.0729770	10.0830000	2	0.1840000	313.8335650	 -0.0927900
 0.2976150	21.8458160	-2.4849900	-0.0589570	 9.5190000	2	0.2990000	 17.8812620	  0.4094920
 0.1969950	20.6844480	-0.7740770	-0.0705450	10.7960000	2	0.1982800	318.9023900	 -0.3214330
 0.1529533	19.7614560	 1.0677980	-0.1332960	 9.2180000	2	0.1543000	329.7002330	  0.1976860
 0.2485070	21.2031850	-0.2849690	-0.0539950	10.7440000	2	0.2495400	 35.8429150	  0.8190030
 0.1381836	19.6590010	 0.6800370	-0.0785350	 8.7240000	2	0.1392000	304.7925380	 -1.0644890
 0.2070404	21.8010050	-1.2457040	 0.0943270	11.1430000	2	0.2085000	337.5194150	  0.0036390
 0.2146772	20.7300530	 1.1142170	-0.0247670	10.0470000	2	0.2160000	 15.7347150	  0.1830870
 0.3063220	21.7338250	-0.0841840	-0.0865410	10.9010000	2	0.3070000	 53.0191380	 -0.1001420
 0.2469460	21.0569510	-0.1462220	-0.1540430	10.8090000	2	0.2480000	 34.6111450	  0.2266880
 0.1980037	20.9489740	-1.3394910	 0.0110750	11.2600000	2	0.1994300	  2.8533770	  0.7027440
 0.2225576	21.0242950	 0.6850160	-0.0325720	 8.9260000	2	0.2240000	  4.8319840	  1.0907190
 0.1350763	20.4615730	 0.9002300	 0.1277600	10.3990000	2	0.1363000	 16.9583360	  0.8281980
 0.2105374	20.7918730	 0.4195320	-0.0146470	 9.8640000	2	0.2120000	337.5441970	 -0.4078190
 0.2725747	21.1610730	 1.4232740	-0.0729930	10.4050000	2	0.2740000	323.9596820	 -1.0574350
 0.2466024	20.6657330	-0.3386970	-0.1385620	10.2800000	2	0.2480000	323.5799180	  0.5891060
 0.2206790	21.5208860	-2.2646120	 0.0851930	10.5000000	2	0.2221000	  6.7736760	 -0.1259760
 0.2744712	21.4369540	-0.7074540	-0.0494840	10.2760000	2	0.2760000	335.0533160	  0.4099440
 0.1765589	20.5045920	 0.8297110	-0.0369100	10.8650000	2	0.1780000	354.5566580	  1.2490900
 0.3108838	21.8604790	 0.2122710	-0.0339410	10.6090000	2	0.3120000	 34.1495320	 -0.1551620
 0.1843518	20.6417150	 0.1747880	-0.0436820	10.1490000	2	0.1853700	 33.7416000	  0.6025070
 0.1593445	19.9077950	 0.9711820	-0.0061100	10.3980000	2	0.1598900	 55.5610810	  0.4782860
 0.2197628	20.9438220	-0.0882720	-0.0677360	10.5850000	2	0.2211000	 14.8796330	 -0.2565130
 0.2520460	21.5866930	-0.6237350	 0.0657460	10.5560000	2	0.2530000	 39.7206690	  0.0901270
 0.1812262	20.1920030	 1.5605380	-0.0412820	10.2230000	2	0.1819100	 49.8674350	 -0.3180300
 0.1737331	20.5492800	 1.1500370	-0.0242650	 8.6510000	2	0.1750000	319.6683040	 -1.0242880
 0.3804727	21.9809280	-1.2127780	-0.0905510	10.7990000	2	0.3821000	331.8672620	 -0.9034130
 0.1786499	20.3593330	-0.1620510	-0.1002060	10.1860000	2	0.1800000	326.8474850	 -0.4946770
 0.2456788	21.3265550	-1.0619650	 0.0279350	10.4820000	2	0.2470000	317.6450420	 -0.1232200
 0.2090977	20.5920270	 0.8012600	-0.0679450	10.4020000	2	0.2104100	320.0199360	 -0.1774410
 0.2494677	21.8526960	 2.3371700	 0.2055820	10.7270000	2	0.2510000	345.7014460	 -0.8764220
 0.1339207	19.6078580	 0.8829830	-0.0592310	 9.8790000	2	0.1350000	 27.1689760	 -0.5766110
 0.1770617	20.7364640	-0.2963210	 0.0253390	 9.0390000	2	0.1780000	 37.7310790	  0.9462990
 0.2811045	21.4393110	 0.3149810	-0.0449980	10.6230000	2	0.2820000	 43.4954640	  0.9869650
 0.1738282	21.0323980	-1.4537500	 0.1135850	11.1750000	2	0.1750200	313.7183840	 -0.1948230
 0.1965392	21.0176870	-0.3436010	 0.0042280	 5.0000000	2	0.1980000	340.8291570	  0.2629090
 0.3639700	22.0595170	-0.0485900	-0.1713600	10.6790000	2	0.3650000	 40.2107350	  0.6587510
 0.3783432	22.4219080	-0.9606040	-0.2501490	11.3710000	2	0.3800000	  0.3748340	  0.2759740
 0.3164556	21.8467240	-2.2817620	-0.1463210	10.8990000	2	0.3176000	 32.8294410	 -0.9982580
 0.1832166	20.2727330	 0.8795720	-0.0384870	11.1980000	2	0.1840000	 45.3230630	 -0.6440660
 0.2410236	21.0059630	 0.3287350	-0.1408470	10.4170000	2	0.2420000	 38.0997960	 -0.7135780
 0.2020260	20.5564080	 0.7814340	-0.0641310	 9.3040000	2	0.2030000	 36.7224960	 -0.3278100
 0.1686871	20.8899140	-2.4574560	 0.0157910	10.6550000	2	0.1700000	 11.6814500	 -1.0329050
 0.1979417	20.7747970	 0.0302000	-0.0406230	 9.6690000	2	0.1990000	 31.9763030	 -0.5353890
 0.1227585	19.6176700	-0.3469800	-0.0382040	 9.8420000	2	0.1240000	 13.8437310	 -0.3888110
 0.2031755	20.7589550	-0.8194820	-0.1085700	 5.0000000	2	0.2040000	 44.0692180	 -0.4107710
 0.1273963	20.1044320	 0.8785350	 0.1566300	10.9800000	2	0.1287700	341.2460750	 -1.0065980
 0.2754892	21.5333170	 0.2756840	-0.0162580	10.6400000	2	0.2770000	  3.1244400	 -0.9773090
 0.1446814	20.2572010	 0.7231790	-0.0068920	 9.7790000	2	0.1460000	  8.1077630	 -1.0540010
 0.3343567	21.8620250	 1.0292070	-0.0636370	10.1070000	2	0.3360000	350.3624710	  1.1324830
 0.1958014	20.7042750	 2.0305250	 0.0232920	10.3650000	2	0.1969500	 26.4209350	 -1.0543860
 0.1939199	21.0650110	-0.3934340	 0.0515100	 9.1220000	2	0.1950000	 30.4362890	 -1.0324100
 0.2497261	21.0209500	-0.6289860	-0.1501360	10.8310000	2	0.2512000	332.0893480	 -1.1487810
 0.1486024	19.9703190	 0.5088810	-0.0976110	 9.5120000	2	0.1500000	355.3020100	 -1.1058070
 0.1559576	20.1460780	 0.3441990	-0.0320000	 5.0000000	2	0.1570000	 30.7331350	 -0.5338720
 0.0958206	19.7734440	-2.3095990	 0.0699330	 9.5070000	2	0.0970000	 16.8680690	 -0.2693650
 0.1506527	20.4039210	-2.5654300	-0.0086220	10.6840000	2	0.1520000	  5.7881900	 -0.0536330
 0.3093288	22.1309260	-1.9640160	 0.0044450	11.2260000	2	0.3109400	348.1640900	  0.2669320
 0.2485653	21.1279430	 0.2799270	-0.0968480	 5.0000000	2	0.2500000	  8.9710510	  0.2584050
 0.3655379	22.1364900	-0.1457990	-0.1113980	10.5040000	2	0.3670000	 17.2054100	 -0.9895530
 0.1177064	20.0398700	-1.5400030	 0.0750200	11.0130000	2	0.1190800	352.0299710	  0.8563550
 0.1917620	20.7409980	-0.0186460	-0.0264110	 8.8200000	2	0.1930000	 20.5786570	  1.0106150
 0.1825532	20.4738400	-0.8732660	-0.0731700	10.1410000	2	0.1840000	352.9421510	 -0.6680520
 0.2347200	21.1300730	-1.3455270	-0.0900720	10.5250000	2	0.2361000	323.6394880	 -0.8858310
 0.2464708	20.8457740	 0.2734110	-0.1418150	 9.7690000	2	0.2480000	346.2493580	 -0.8733650
 0.2884472	20.8597570	-0.8720640	-0.1866710	10.9960000	2	0.2900000	336.3677200	  0.2652750
 0.2095951	20.7391320	-1.0733250	-0.1484160	 9.9070000	2	0.2110000	328.6121520	  0.5885150
 0.1919786	20.4665220	-0.7927270	-0.0970900	 9.9070000	2	0.1932000	 21.2793730	 -1.2189380
 0.1140230	19.1733260	-0.1919250	-0.0858500	 8.3320000	2	0.1151000	 25.9387380	 -1.1119190
 0.1138869	19.7192690	 1.0533470	 0.0397340	10.4770000	2	0.1150000	 23.5612300	 -0.4036320
 0.1987984	20.5198820	-0.4436100	-0.0757270	10.0700000	2	0.2000000	312.8326800	 -0.9523220
 0.2205831	20.7640620	 0.5248380	-0.0512570	 5.0000000	2	0.2220000	328.5753560	  0.4470100
 0.1825648	20.5985900	 0.5033740	-0.0396760	 9.5200000	2	0.1840000	339.7238040	 -1.1670830
 0.1589481	19.9379500	-0.3847270	-0.1416220	10.6280000	2	0.1602700	326.5020410	 -1.2177300
 0.0784825	19.2404370	 0.6427230	 0.1113590	10.5620000	2	0.0794400	 31.6128250	 -0.8995500
 0.1386352	19.9830060	 0.8368690	-0.0680990	 8.2000000	2	0.1400000	  1.4915930	  1.1030860
 0.1807877	20.5792480	 0.2828920	 0.0154330	11.2400000	2	0.1813600	 54.9263800	  1.0922990
 0.1775665	20.4280830	-0.7604690	-0.0848840	10.0150000	2	0.1790000	356.1718150	 -0.0300550
 0.1706629	20.5570700	 1.8203220	 0.1502780	10.4660000	2	0.1720000	  9.7015240	 -0.1792490
 0.2338104	20.8631740	 1.0134940	-0.0702710	 5.0000000	2	0.2350000	 26.3613740	 -0.0194180
 0.0715205	18.1722910	-1.4669190	-0.1214330	10.8130000	2	0.0727500	  8.6409570	 -1.2175780
 0.1546255	19.9703760	-0.1969870	-0.1222440	10.6420000	2	0.1560000	  2.9942010	  0.9981500
 0.0900957	18.8188960	 0.3169690	 0.0272790	 9.6470000	2	0.0910000	 35.7386170	  1.0257600
 0.1765809	20.3970330	 1.9577310	-0.1366850	 8.9630000	2	0.1780000	359.3415030	  0.1058580
 0.1304543	19.6532480	-0.8393750	-0.1980440	10.7850000	2	0.1309800	 55.7919080	  0.1024710
 0.1820430	20.6806210	-0.2371650	 0.0364890	10.5320000	2	0.1828600	 43.7734790	 -0.1474250
 0.2561638	21.3184330	-0.0754750	-0.0066130	11.2290000	2	0.2570900	 41.2120900	  0.3648330
 0.1381094	19.5549350	 0.5671020	-0.0956140	10.7560000	2	0.1392900	315.7872890	 -1.0291840
 0.1706954	20.7800260	 1.1303900	 0.0582770	 9.7930000	2	0.1720000	323.2948760	 -0.9601500
 0.2167359	20.7095210	 0.9017300	-0.1088690	 8.0050000	2	0.2180000	 20.3445870	 -0.0148030
 0.2455484	21.0919660	 0.0814400	 0.0526870	 8.8640000	2	0.2470000	  6.6407770	  0.0419850
 0.1438131	20.0455100	 0.9114140	 0.0377280	10.1290000	2	0.1447300	 37.1365700	 -1.0421170
 0.2486199	21.3025660	 1.2428720	 0.0002780	10.4830000	2	0.2500000	322.3205530	 -1.0031780
 0.1453324	20.0607530	 0.7156310	 0.0148940	10.7040000	2	0.1464300	309.2027700	  0.0984440
 0.1358759	20.0594190	-0.3476750	 0.0603050	11.0410000	2	0.1369000	 30.6364350	 -1.0891880
 0.0587430	17.8622990	 1.0713790	-0.0500840	 8.7440000	2	0.0600000	  2.9602640	 -0.3392050
 0.0365204	17.3205140	-0.7282720	 0.0603250	 9.0990000	2	0.0370700	 52.4617270	  0.0568280
 0.2774848	21.7390470	 0.2476270	-0.1869980	 8.9460000	2	0.2790000	332.3732760	  0.7378930
 0.2051452	21.1823100	-0.6775730	-0.0171430	11.2510000	2	0.2064000	316.0932010	 -0.8980240
 0.2805083	21.4782470	 1.5228000	 0.0300030	 9.9190000	2	0.2820000	  6.3645820	 -0.8395710
 0.1986658	20.4900400	 1.0315460	-0.0975330	 5.0000000	2	0.2000000	 12.8786740	 -0.9473990
 0.1599934	20.4108880	-0.1490970	 0.0061640	 5.0000000	2	0.1610000	 32.9471240	 -0.9124290
 0.2107473	21.0226410	 1.1203160	-0.0306710	10.5330000	2	0.2120000	 20.9833810	  1.2549940
 0.0719485	18.9841260	-0.9235870	 0.1811370	10.0700000	2	0.0726700	 44.9723740	  1.1607070
 0.2378236	20.8593750	 0.6641660	-0.1241170	10.1340000	2	0.2390000	 27.5998380	  1.1720750
 0.1413881	20.0835040	 1.1536680	 0.0308080	 9.7000000	2	0.1426000	317.8368190	 -0.4453330
 0.1550523	20.3858610	-0.6057780	-0.0520080	 9.7010000	2	0.1564100	  4.9329750	 -0.4001350
 0.3701242	21.8931760	-0.6479180	-0.1954360	11.1620000	2	0.3715000	 23.3675350	  0.5246810
 0.0939090	19.1765680	-1.1233740	-0.0854830	10.0160000	2	0.0950000	312.3877410	 -0.7617230
 0.1186335	20.5417780	-2.7242520	 0.2551130	10.6840000	2	0.1198200	 18.2667310	 -0.5400120
 0.1536304	20.2409990	 0.1597600	-0.0434110	 9.2610000	2	0.1550000	  3.4286320	  0.6521550
 0.2535586	21.2780080	 0.3928950	-0.0553060	11.0190000	2	0.2550000	  8.9057350	  0.3700350
 0.1072514	19.3377750	 0.1635680	 0.0661990	10.1390000	2	0.1085000	 11.5164340	 -0.0103810
 0.1296013	19.8661620	-1.6236100	-0.0866750	10.8320000	2	0.1309700	337.4782850	  1.0586090
 0.2666436	21.3225030	 0.9413160	-0.0436870	10.4060000	2	0.2680000	 17.5659940	  0.4720380
 0.2122622	21.0932990	-0.1761600	 0.0314200	10.7260000	2	0.2130000	 48.4185260	  0.6299980
 0.2782156	21.2781930	 1.3156700	-0.0881490	10.6300000	2	0.2790000	 47.9591180	 -0.6924160
 0.2454029	20.7535690	 1.1128990	-0.1087830	 5.0000000	2	0.2460000	 55.1800230	  1.0030790
 0.1336214	20.0913640	 0.9159350	 0.0621870	 9.4080000	2	0.1350000	338.9835830	  0.6092410
 0.1765628	20.9127970	-2.0792750	-0.0464180	10.8120000	2	0.1780000	340.9209180	  0.4213800
 0.1136799	19.6745910	-0.7347030	 0.0601650	10.7640000	2	0.1149300	 12.2879290	  0.5969570
 0.3203746	22.0083000	-0.2562020	-0.0218790	 9.9220000	2	0.3220000	345.7614950	  0.8491650
 0.1127106	19.4058520	 0.8854480	-0.0433610	 8.8250000	2	0.1140000	328.4472350	  0.0150550
 0.1060131	19.2246850	 0.7498380	-0.0027460	10.6900000	2	0.1072600	 11.2239470	 -0.9970540
 0.3913480	22.0964990	 0.1449530	-0.1347770	11.1400000	2	0.3930000	  3.0773470	 -0.0773180
 0.1557522	20.1740290	-0.0349770	 0.0248480	10.4540000	2	0.1570000	 16.8553240	  1.0437460
 0.1866705	21.0771590	-1.4412410	 0.0655910	10.8760000	2	0.1880000	 12.5473360	  0.6754230
 0.1967120	20.9988330	-0.4464220	-0.0302510	 9.5670000	2	0.1980000	 17.2167360	  1.1978790
 0.1919096	21.2018460	 0.1459710	 0.0356370	10.8290000	2	0.1930000	 29.7297530	 -1.0270710
 0.1908360	20.4254030	 0.9477890	-0.0457040	 9.9650000	2	0.1920000	 25.2656290	 -0.4484490
 0.1762450	20.5914140	 0.4701670	-0.0122450	10.7060000	2	0.1770000	 46.6409450	  0.7933040
 0.1283657	19.7476030	-1.1728560	-0.0769400	10.9330000	2	0.1290000	 50.8813170	  0.6666340
 0.1226206	19.5093180	 0.7577210	-0.0132860	10.5350000	2	0.1231900	 53.6851460	  0.3555090
 0.1271496	19.7007760	 0.2479410	-0.0278830	10.2460000	2	0.1278300	 48.6323470	  0.2698180
 0.2132271	21.2406080	-0.5901130	 0.1130550	10.4890000	2	0.2140000	 46.6824720	 -0.7540190
 0.2186126	20.9667240	-0.9439630	-0.0487460	10.1500000	2	0.2200000	 10.3489550	  0.4119510
 0.2685580	21.5971670	 0.1389840	-0.0483310	 5.0000000	2	0.2700000	 10.0784040	 -1.0373730
 0.2046597	20.7191020	-0.6397170	-0.1118950	10.4430000	2	0.2060000	 13.5091440	  1.0690210
 0.2670997	21.2065030	 0.3234470	-0.0973820	10.4590000	2	0.2680000	 42.6153640	 -0.5511630
 0.2175647	21.0849880	 1.0794490	 0.0852940	10.6200000	2	0.2190000	331.9633430	 -1.0699430
 0.2418458	20.8419310	 1.3022880	-0.1189800	 5.0000000	2	0.2430000	307.1169550	  0.0062370
 0.2934984	21.3552690	 0.4692620	-0.0068810	 9.2540000	2	0.2950000	328.8841780	 -0.3719960
 0.3534577	21.7708970	 0.5520700	-0.0657510	 5.0000000	2	0.3550000	325.6281200	  0.9846060
 0.1856291	20.7736820	-0.1700770	 0.0454820	 5.0000000	2	0.1870000	  7.9727220	  0.1382980
 0.2854311	21.5942770	 1.3524520	-0.0648590	 5.0000000	2	0.2870000	354.2037710	 -0.7822300
 0.1949345	20.3675630	 1.1796440	 0.0105820	 9.5360000	2	0.1960000	 31.4600090	 -0.3318650
 0.0759161	18.2281580	 1.2044710	-0.1038850	10.7320000	2	0.0768800	 31.2664950	  0.1745580
 0.1635643	20.5182380	-0.7532500	 0.0565740	10.7090000	2	0.1647000	 25.6597270	  1.0303930
 0.2572067	21.4656170	 0.4323190	 0.0078590	10.8210000	2	0.2587000	333.4639380	 -0.9202830
 0.2195498	21.2807870	-1.6210700	 0.0795360	10.3240000	2	0.2210000	332.8910160	  0.7647850
 0.1755827	20.2928430	 1.2246460	-0.0385860	 5.0000000	2	0.1770000	359.0722220	 -0.5058720
 0.2266652	21.4387200	-1.5495300	 0.0333120	10.7110000	2	0.2280000	 15.8602970	  0.3313940
 0.1532183	20.2090170	 0.8940880	 0.0363760	10.7310000	2	0.1540300	 43.1143720	  0.2518170
 0.2102482	21.6432200	-1.6043100	 0.1306200	10.3900000	2	0.2116000	323.5086940	 -0.7405190
 0.1216403	19.9460080	-0.8350840	-0.0218910	 8.8280000	2	0.1230000	357.9083520	  0.2798260
 0.2913489	21.5419490	 0.6399780	-0.0443300	 9.5650000	2	0.2920000	 53.8842810	  0.7033620
 0.2944768	22.4007260	 1.1730930	 0.1729620	10.1900000	2	0.2960000	  5.3244470	  1.0745270
 0.1645519	20.2437700	 0.1519600	-0.0233690	11.2150000	2	0.1654900	 37.1011090	  0.1846660
 0.3070164	21.8319130	 0.1539770	-0.0445360	10.8030000	2	0.3080000	 40.2864880	  0.1444480
 0.1986236	20.7113180	-0.0074050	-0.0844760	 9.1390000	2	0.2000000	  8.9031930	 -0.2327000
 0.2682134	21.5936720	-1.0958580	-0.0729100	 9.9860000	2	0.2690000	 47.7548410	  0.3567520
 0.4012731	21.9918480	 0.1745160	-0.1045700	10.2740000	2	0.4030000	349.4810230	  1.2228400
 0.1366763	20.2688030	-0.2287040	 0.0936990	10.5670000	2	0.1379000	318.9560970	  0.6512890
 0.2954170	22.2415850	-2.4272880	 0.0455280	11.1600000	2	0.2969800	359.3190510	  0.2493670
 0.2919203	21.5077470	 1.1812910	-0.0051080	10.1900000	2	0.2930000	 35.2666890	  0.4964110
 0.0900700	18.4777180	 0.2844780	-0.1462580	 8.5290000	2	0.0914000	341.4922770	 -0.6487360
 0.2055641	20.8201470	 0.0826920	-0.0590730	10.1640000	2	0.2070000	333.7624930	 -0.3412570
 0.1458141	19.8006730	 1.0444950	-0.0046480	 5.0000000	2	0.1470000	315.3935390	 -0.2685070
 0.1176712	19.1959230	 0.7433460	-0.1260860	 9.4600000	2	0.1190000	332.9304920	  0.5790760
 0.0549860	18.0108760	-1.8891170	-0.0351210	10.4080000	2	0.0560300	 24.3487340	 -0.3119970
 0.1742008	20.5099600	 0.0467860	 0.0167880	10.3370000	2	0.1752400	 31.9104730	 -0.3240000
 0.2449535	21.3791990	-1.3137150	-0.0863730	10.3060000	2	0.2460000	 34.8063660	 -0.3848410
 0.2245171	21.1459060	 0.2734950	-0.0809330	 9.4960000	2	0.2260000	357.1041610	 -1.1850040
 0.2455753	21.3790540	 0.7252080	 0.0606820	11.3340000	2	0.2470000	  9.8786070	  1.0243360
 0.2835062	21.2464610	 0.7040190	-0.1103450	10.0450000	2	0.2850000	328.8794710	  0.8150710
 0.1805627	20.9068700	-0.6820830	 0.0216930	10.6820000	2	0.1820000	339.3080830	  0.7363870
 0.1039083	19.2604800	 0.8492690	 0.0556390	11.2880000	2	0.1052400	358.5861970	 -0.9176170
 0.1296125	20.5541370	 0.1290420	 0.1549840	 8.6350000	2	0.1310000	347.9752930	 -0.5780910
 0.2435143	20.9346750	-0.2409400	-0.1621860	10.9440000	2	0.2449000	 13.2052030	  0.6315000
 0.3313620	22.0478880	-0.9832420	-0.1137750	10.1370000	2	0.3330000	346.5542900	  0.3289610
 0.2434794	21.4123800	-0.0295820	 0.0090350	10.6000000	2	0.2450000	354.3943680	  0.2480990
 0.3146773	21.2890820	 0.8490740	-0.0916870	 8.7770000	2	0.3160000	 23.0082190	 -0.4297320
 0.2186469	20.7725950	 0.2044760	-0.0968680	 9.7620000	2	0.2200000	322.4319040	  0.4446230
 0.2601335	21.3012620	 1.3921570	-0.1058550	10.4030000	2	0.2616000	328.9433360	  0.5935180
 0.2824234	21.5109150	-1.2913400	-0.1497930	10.8800000	2	0.2840000	349.1199930	 -0.0984970
 0.3004079	21.6687580	-0.6024760	 0.0454990	11.4040000	2	0.3020000	341.7055490	  0.7562900
 0.1518575	19.6811230	 0.5068890	-0.1295270	 9.2750000	2	0.1530000	312.0431900	 -1.1714220
 0.2635652	21.2674440	-1.6853480	-0.1105200	 5.0000000	2	0.2650000	 10.7017690	  0.3797310
 0.2138230	21.1106320	 0.5692100	 0.0347510	10.2130000	2	0.2150000	 25.7566450	 -0.9454690
 0.1628360	20.7508760	-1.1924800	 0.0239290	 5.0000000	2	0.1640000	312.4168130	  0.4686300
 0.1244042	19.9536880	 0.6573850	 0.0442040	10.1240000	2	0.1250000	 52.6049160	  1.0094370
 0.1946447	20.6220040	 0.1609930	 0.0342350	11.0310000	2	0.1960000	325.2656940	  0.1425610
 0.2055413	20.6129920	-0.4577730	-0.1223730	 9.9380000	2	0.2070000	337.7030160	  0.0107400
 0.1066647	19.4810260	-0.1069270	-0.0043500	10.5090000	2	0.1079600	  5.6833640	 -0.4790100
 0.1877157	21.1117340	-0.5701470	 0.1485250	10.7720000	2	0.1890000	 16.7181260	  1.1540680
 0.1638733	20.2744320	-1.4078040	-0.1057290	10.7610000	2	0.1650000	 26.1207810	  0.2297650
 0.2902051	21.3409120	-0.0940570	-0.1243390	 5.0000000	2	0.2910000	 47.9417610	  0.0919110
 0.0940083	18.6394650	 1.2718860	-0.1108200	 8.7740000	2	0.0951000	312.2209470	  0.1911350
 0.2278552	21.0008680	-0.7935640	-0.0876600	 5.0000000	2	0.2290000	 28.8136710	  0.6431000
 0.1075155	19.5919190	 0.0142100	 0.0322010	10.7300000	2	0.1085600	 28.1413750	  1.2440670
 0.3106457	21.3793090	 1.2450430	-0.0955170	 9.1130000	2	0.3120000	315.0115700	  0.8275910
 0.1456353	20.3583040	 0.8195130	 0.0132950	 9.3170000	2	0.1470000	333.4315850	  0.3963010
 0.0878312	18.8255220	-0.3194650	-0.0512920	11.2140000	2	0.0891600	353.5997970	 -0.8903340
 0.1483851	19.7412980	-0.8454500	-0.1551970	10.8210000	2	0.1497200	  7.3528120	  0.8314970
 0.2866177	21.6049380	 0.4777220	-0.1214570	 9.2030000	2	0.2880000	 17.0917300	 -0.0962470
 0.1228081	19.5550890	-1.3411570	-0.0795280	11.4070000	2	0.1240700	 11.6141600	 -1.0622660
 0.1865445	20.4769390	 0.1323730	-0.0254130	 9.6480000	2	0.1880000	349.8586940	 -0.9016380
 0.1289244	19.9287830	-1.6826930	-0.0318480	10.9500000	2	0.1299600	 29.9631020	  1.2164650
 0.1942156	20.9824290	 0.3504200	 0.0715940	10.6340000	2	0.1949000	 50.0904200	 -0.8855930
 0.1470242	19.5971860	 0.6758880	-0.1814090	10.3360000	2	0.1480000	 34.2728650	  0.2802980
 0.2117859	21.7745290	-1.8803750	 0.0451100	 9.7520000	2	0.2132000	  6.8071230	  1.1205980
 0.1796192	20.5676190	 0.2795540	 0.0303830	10.1190000	2	0.1805000	 40.5207210	 -0.5408500
 0.2634902	21.1498780	 0.9897020	-0.1711970	 9.0070000	2	0.2650000	  1.9945330	  0.6381950
 0.1921491	20.6440930	 0.3957290	-0.0868670	10.1940000	2	0.1930000	 42.6337320	  0.8077960
 0.3388015	21.7733780	 1.7610540	-0.0766700	 9.3820000	2	0.3400000	 31.2206920	 -0.3264680
 0.1174065	19.7846210	-0.0826810	 0.0396330	10.5740000	2	0.1181300	 46.3434180	  0.8583590
 0.1431033	19.8153540	 0.8632840	-0.0490190	 9.9180000	2	0.1437000	 52.7043080	 -1.2380760
 0.1603513	20.2535870	 1.3916880	 0.0805200	11.1500000	2	0.1614900	 24.9003120	 -0.7587140
 0.2887173	21.5631380	-0.7617090	-0.1107240	10.9490000	2	0.2903000	344.2014550	  0.4011090
 0.1230285	19.9709540	-0.8726090	 0.0568720	10.4280000	2	0.1242000	315.9217190	  0.5695660
 0.2640466	21.3719140	 0.5318230	-0.0285700	 8.8220000	2	0.2654000	 17.7049470	  1.0079360
 0.1260725	20.0429180	-0.9691540	 0.1064700	 9.8810000	2	0.1266000	 55.4970400	 -0.7826550
 0.1737401	20.2426010	 0.1200440	-0.0497390	10.7100000	2	0.1750000	 16.9323430	 -1.0394950
 0.1643942	20.2598220	 0.5227890	 0.0059500	 9.3730000	2	0.1656000	 20.4067060	 -0.9772360
 0.2496105	21.5472930	 1.6189420	 0.0050470	 8.5780000	2	0.2511000	333.2927250	  1.0505380
 0.1599890	20.3514650	-0.5222000	 0.0208340	 9.7240000	2	0.1611000	 26.9626120	  0.6406000
 0.2444780	20.7975650	 1.0384490	-0.0801920	 8.9100000	2	0.2451000	 54.1561510	  1.0791690
 0.2485076	20.9529890	 0.6508340	-0.0549330	10.8240000	2	0.2500000	334.0692390	  0.7081300
 0.2289275	20.8065880	 0.9062220	-0.0907380	 9.3970000	2	0.2304000	334.6714970	  0.6391880
 0.0852745	18.7651870	-0.1451670	-0.0431030	10.3950000	2	0.0864200	 19.0524370	  0.7919370
 0.0616551	18.0399540	 1.1832620	 0.0410020	 9.7400000	2	0.0628200	 14.8504350	  0.0025950
 0.2774527	21.8988880	-1.0426650	-0.0121010	10.6890000	2	0.2786000	 31.0160140	 -0.3658280
 0.2754394	21.5210590	 0.7980400	 0.0023800	 9.6040000	2	0.2770000	354.4983140	  0.6421060
 0.3305113	21.9625050	 0.2446480	-0.0563940	 8.7170000	2	0.3320000	 12.2377030	 -0.9057400
 0.3619332	22.0960960	 0.3201070	-0.0626160	10.2730000	2	0.3630000	 38.4755330	  0.2807170
 0.3310332	22.0920130	 0.9534090	 0.0909840	 8.4790000	2	0.3324000	 21.5283510	  0.6768580
 0.1605012	20.3595900	-0.2293650	 0.0161220	 8.9950000	2	0.1619000	359.8844500	  0.7371650
 0.3002117	21.7020570	 0.2606740	-0.0311380	 8.7010000	2	0.3009000	 52.3419840	 -1.0947040
 0.1163477	19.4627450	 1.1935050	-0.0157780	 8.6040000	2	0.1170000	 49.6409490	  0.1233410
 0.2182851	21.1610230	-0.0799040	 0.0222970	 9.4400000	2	0.2197000	328.6699540	  0.4134300
 0.1196707	19.6487870	 0.2534330	 0.0053450	 8.7490000	2	0.1210000	  3.2505350	  0.2482230
 0.1547311	19.8667250	 1.8930600	-0.0488170	 8.9390000	2	0.1561000	  3.5982910	  0.3330520
 0.1780995	20.9101700	 0.0408340	-0.0279090	 9.5480000	2	0.1795000	333.1827600	 -0.0349220
 0.2503669	21.3378550	 1.4177060	-0.0298440	 9.0420000	2	0.2517000	 17.8959660	 -0.0058960
 0.2517391	21.4055990	-0.2176380	-0.0087660	 8.7430000	2	0.2530000	 22.8627340	 -0.6316180
 0.1295250	20.1170600	 0.6786790	 0.1467620	10.4140000	2	0.1308000	 11.6341530	  0.8382150
 0.3092922	21.5757510	 0.3928130	-0.1422830	 9.3260000	2	0.3108000	327.7861940	 -0.8429360
 0.2785239	21.4478910	-0.1864870	-0.1219450	10.2320000	2	0.2796000	 34.7605740	 -0.2728390
 0.1858122	20.4793660	 0.7465010	-0.0616630	11.5600000	2	0.1870000	312.6025510	 -0.1678890
 0.0665094	18.6396290	-0.4208850	 0.1081840	 9.9440000	2	0.0670700	 52.5536040	 -0.9745860
 0.2579964	21.5251130	 0.4546700	 0.0355300	 9.2080000	2	0.2595000	  1.8065970	  0.3489850
 0.2988772	21.5223290	 0.3592450	-0.1509950	 5.0000000	2	0.3001000	307.9361230	  0.2447570
 0.2704338	21.6785240	-1.9482300	-0.0617420	 9.6110000	2	0.2720000	348.4649950	  1.2569880
 0.2791544	21.5514710	-1.5196500	-0.0170380	11.2510000	2	0.2807000	337.6311570	 -0.5026620
 0.2928682	21.7835140	 0.5755670	 0.0314400	 9.6030000	2	0.2944000	  3.2655530	 -0.6201180
 0.1896516	20.9498710	-0.5375700	 0.0684140	10.3770000	2	0.1908000	 26.4976230	  1.1959540
 0.2657624	20.9256750	-0.0913830	-0.1940320	 9.7850000	2	0.2670000	310.4828220	  1.0919980
 0.1237629	19.6087700	 0.1186620	-0.0035430	10.5280000	2	0.1244900	 46.0886150	 -1.0629600
 0.1825481	20.2731660	 0.8092610	-0.1054540	 9.3980000	2	0.1840000	349.1388050	 -0.6632240
 0.0563430	17.7164430	 1.0536910	-0.0294760	 9.5710000	2	0.0574200	 21.7016720	 -1.2381350
 0.3128824	21.5948370	 0.7209110	-0.0882340	 8.3940000	2	0.3140000	 34.2758600	  0.5348310
 0.3091472	21.7970350	-0.6732050	-0.1392320	10.7340000	2	0.3106000	322.8149760	 -1.0569850
 0.2006112	20.9546980	-1.7670550	-0.0306170	11.1700000	2	0.2020000	328.0686110	  0.2670620
 0.3263956	21.6447690	 0.9087280	-0.0730400	10.7550000	2	0.3280000	358.9693310	  0.8769660
 0.2116288	20.8309200	 0.0767430	-0.0197910	 8.9750000	2	0.2130000	 11.3517050	  1.0755770
 0.1796851	20.5670270	 0.0275870	-0.0212990	10.3650000	2	0.1810000	323.2338100	 -0.6997810
 0.3024008	22.0549000	-0.4771030	 0.0114210	10.4940000	2	0.3040000	345.2623600	 -0.2073670
 0.1092368	19.4741500	-1.9143430	-0.0948070	10.3100000	2	0.1106000	350.0184670	 -0.0554460
 0.0852160	18.7165730	-0.4714850	-0.0871120	10.8300000	2	0.0865200	  0.7057030	  0.7512340
 0.2023086	20.7821390	 0.7223120	-0.0206020	 8.8350000	2	0.2037000	328.0790840	  0.4719300
 0.1264878	19.8085480	 1.4013170	 0.0714020	10.1550000	2	0.1278000	329.1984900	  0.3174980
 0.2145673	20.8853500	-0.1829830	-0.0980140	 8.4740000	2	0.2160000	  4.3264080	 -0.2572750
 0.3204460	21.5376050	 0.6771000	-0.1698110	 8.9490000	2	0.3220000	  4.7534760	 -0.2814880
 0.2183465	21.0989360	 0.5014920	-0.0026550	 9.8880000	2	0.2190000	 52.0903130	 -0.3260940
 0.1901051	20.6326280	 1.1259190	-0.0388170	10.9570000	2	0.1914000	 15.5353340	 -0.8789810
 0.0924263	18.9394860	 0.6645710	-0.0248650	10.5810000	2	0.0934900	 25.4634670	 -0.8763990
 0.3798619	21.9225890	 1.3168540	-0.1025400	11.1830000	2	0.3812000	310.0802150	 -0.0071780
 0.2113370	21.2035200	 0.0879290	 0.1201360	10.3140000	2	0.2124000	 32.4599490	 -0.0617990
 0.2583271	21.6199850	 0.2435980	 0.0407160	11.1960000	2	0.2593000	 39.1168060	  0.5112730
 0.1832678	21.1085090	-0.6567710	 0.1602190	10.3390000	2	0.1847000	357.5209260	 -0.9213790
 0.2129476	20.8197450	 0.7519480	-0.0233370	10.7320000	2	0.2144000	335.2610360	 -0.7481590
 0.1165096	19.4194540	-0.0208010	-0.0664130	 9.0110000	2	0.1178000	  7.7214810	 -0.7188480
 0.1440051	19.9695190	 0.8723580	 0.0014930	 9.9980000	2	0.1453000	325.0019950	 -0.0079250
 0.2524853	21.3490510	 0.8723170	 0.0159490	 8.5800000	2	0.2540000	337.8845690	 -0.4935770
 0.2553901	21.4321540	-0.3612020	-0.0211640	10.8640000	2	0.2569000	335.8143580	  0.2530360
 0.2169820	21.0692150	-1.3957640	-0.1419240	11.8170000	2	0.2184000	328.9513930	  1.1807920
 1.2659026	25.7355980	 0.2868160	 0.0210620	10.8340000	4	1.2650000	189.3319600	 62.3104170
 0.9357752	24.4819150	 0.0559630	-0.0254160	10.9060000	4	0.9350000	189.3708300	 62.1910560
 0.0499017	17.7624890	-2.2697420	-0.0488140	10.7025000	3	0.0503000	323.7475210	-62.7370910
 0.0306016	16.2395180	 0.4754400	-0.0455400	10.7979030	3	0.0306640	258.9006900	 16.3220300
 0.0745765	18.4656640	-0.7094020	-0.0221940	10.3077910	3	0.0750000	322.0747600	-61.5503800
 0.0260277	16.3172460	 0.1129050	 0.1258740	10.5319180	3	0.0250000	201.0410580	-23.8788020
 0.0141094	14.4760320	-0.1668510	-0.1081620	10.0430330	3	0.0146150	311.4853840	-51.3944060
 0.0197902	15.1167950	 0.7357010	-0.1100330	 9.9159760	3	0.0202000	 46.3168840	-39.5595970
 0.0356952	16.7549610	-0.4638690	-0.0465270	10.7121720	3	0.0352000	115.4856320	-62.5194560
 0.0450980	17.6251500	-0.0114000	 0.0471590	10.5425170	3	0.0450000	 74.8628190	-58.8303990
 0.0429000	17.3475180	-1.7139060	-0.0452020	10.9166070	3	0.0437000	348.8045290	-44.7432630
 0.0177224	15.7839580	-2.0136460	-0.0428560	10.4562990	3	0.0185090	 20.4924510	-34.2119970
 0.0788422	18.3141010	-0.9552780	-0.1007560	10.8757200	3	0.0793000	 54.1569010	-18.3541660
 0.0633471	18.2927830	-0.1756340	-0.0318700	10.9183660	3	0.0637000	 52.3748900	-37.2718500
 0.0265164	16.0676160	 0.7439970	-0.0934720	10.3890000	3	0.0254010	190.7038640	 10.3600680
 0.0500946	17.8412010	-0.8298360	 0.0596040	10.7301980	3	0.0490000	150.8937400	-35.4626300
 0.0701597	18.4450460	-0.4385770	 0.0161270	10.4972190	3	0.0690000	158.7174200	-34.4417200
 0.0251119	16.6959780	-2.1605710	 0.1106920	10.7781190	3	0.0242070	208.2092200	-30.7078600
 0.0519738	17.6450610	-0.7060180	-0.0809400	10.0597400	3	0.0510000	202.7849000	-33.2151600
 0.0243400	16.3117430	-1.5256930	 0.0567840	11.0380000	3	0.0231590	187.7858640	  0.6054570
 0.0161273	14.7801190	 0.2222790	-0.0647000	10.4520000	3	0.0151770	187.8410440	 29.1344360
 0.0486599	17.0757490	 0.7493360	-0.0383950	 7.8920000	3	0.0499020	341.3922500	 -8.7513060
 0.0219632	16.0210350	-1.0908860	 0.0743890	10.3353970	3	0.0227190	 41.4534580	  3.2305830
 0.0348051	16.6646770	-0.0277890	-0.0103280	10.4299210	3	0.0360000	  9.0748750	 11.3945830
 0.0167313	15.3514310	 0.8232530	 0.1645600	 9.9366390	3	0.0166720	 94.0541670	 57.0524720
 0.0301061	16.6471150	 0.6591800	 0.0643640	10.3090000	3	0.0295900	207.7461900	 49.3436000
 0.0296040	16.8497310	-0.3344730	-0.0306440	 6.0000000	3	0.0308000	355.0592100	 26.2032800
 0.0104769	14.4493140	 0.7913320	 0.1184150	 9.9419150	3	0.0101200	111.6770830	 47.0933330
 0.0135269	15.1283630	-1.7178140	 0.0260150	11.1910000	3	0.0135390	101.9087500	 74.4975000
 0.0278851	16.0766040	-0.1088050	 0.0391150	10.7890000	3	0.0271320	192.1968330	 41.9245280
 0.0538897	17.5579660	-1.5973810	-0.1183120	11.3144860	3	0.0542240	272.7995420	 49.8613060
 0.0167254	14.8363980	-1.1706690	-0.0814540	10.4290410	3	0.0177420	 15.8619580	 32.2367780
 0.0171659	15.1220990	-0.1770360	 0.0001640	11.0030000	3	0.0175720	275.6558330	 15.7021390
 0.0152610	14.7261820	 1.1786460	-0.0837250	10.7000000	3	0.0144430	126.9251250	 21.4874440
 0.0098215	14.1484210	 0.2026880	 0.0485930	 9.9170000	3	0.0095000	241.8125420	  7.9723330
 0.0543319	17.8923890	 0.2579790	-0.0202370	10.3630950	3	0.0539000	 96.8608330	-35.8401110
 0.0392831	16.7738530	 2.0215370	-0.0493340	 7.2563550	3	0.0380000	165.4015420	 -6.1087780
 0.0783225	18.4209780	 0.6006800	-0.0549610	 6.0000000	3	0.0770000	174.9426670	 -8.8603890
 0.0315339	16.7899180	-1.6099610	-0.0065600	11.0390000	3	0.0313280	240.6751250	 37.3595560
 0.0139308	14.8438420	-0.0142660	 0.0498540	10.1560000	3	0.0149600	 22.8621670	 14.2849170
 0.0135322	14.3817110	 0.8691730	 0.0268830	10.6890000	3	0.0143270	 38.4986670	 20.9751110
 0.0260191	16.0349190	 1.7792230	-0.0058680	10.8198850	3	0.0267450	 37.9131250	 39.3811940
 0.0245460	15.5813590	 0.4781830	-0.0971200	 9.4178590	3	0.0236160	203.8457500	-34.1602780
 0.0364583	17.0773420	-0.6391100	-0.0283840	10.1731680	3	0.0364250	238.2341250	 65.9368610
 0.0232012	16.5542840	-2.5068170	 0.0874760	10.9618910	3	0.0234930	269.4184170	 27.8328060
 0.0164357	15.3644150	-2.1127510	-0.0268340	10.4766290	3	0.0174420	 16.8480000	 32.4064440
 0.0405934	16.9473620	 1.2038350	-0.0612470	10.6560000	3	0.0406950	248.6144800	 76.0295400
 0.0305644	16.2151410	 0.1434930	-0.1237780	10.9755200	3	0.0294200	174.5073330	-32.3308330
 0.0151936	14.7117800	 0.5490470	-0.0327760	10.2052620	3	0.0155010	270.3919100	 26.2505100
 0.0144488	15.2835610	-0.8652990	 0.1630980	10.9205640	3	0.0146400	288.4447920	-59.2896670
 0.0154346	15.2855450	-0.5488010	 0.1294710	10.3362760	3	0.0155000	281.5743330	-65.7616110
 0.0163564	15.0475560	 0.1672140	 0.0409090	10.6967850	3	0.0153800	191.8757080	-39.5800280
 0.0361676	16.6204160	 1.7430560	-0.0365850	11.1364300	3	0.0370360	 24.5502300	 41.6552600
 0.0149214	15.0802500	-0.9163680	 0.0016710	10.6620000	3	0.0158710	 21.3452300	 34.0250200
 0.0129433	14.8827170	-0.9251880	 0.0472860	10.2860000	3	0.0130120	 74.2514500	 -4.7611200
 0.0145037	14.6613900	 0.7379700	-0.0663550	10.1930000	3	0.0135390	144.4875900	 25.4946800
 0.0160590	14.5572660	 0.9167020	-0.0383830	10.8420000	3	0.0150180	179.3538750	 25.2025000
 0.0249571	16.3411060	-0.7919980	 0.1484360	10.6030000	3	0.0243960	153.9262920	 55.6685280
 0.0282718	16.6573190	 0.5415420	 0.0972100	10.8060000	3	0.0281160	244.1263900	 35.7083600
 0.0104342	14.5572030	-0.3164640	 0.0540950	10.4700000	3	0.0116380	352.1254300	 22.4272400
 0.0130398	14.6855080	-1.2952920	-0.0925390	11.1140000	3	0.0140460	311.8274700	  0.3126000
 0.0360600	16.7783270	-0.9619810	 0.0003500	11.3171240	3	0.0350010	133.5140300	 -7.1893000
 0.0248472	16.2383260	-1.7378400	-0.0485090	10.9579340	3	0.0245640	124.9950200	 62.8204800
 0.0372093	16.6443550	 0.5149330	-0.0903910	10.3494660	3	0.0380000	 34.5834500	 37.4662700
 0.0200942	15.7472000	 0.9773750	-0.0351460	10.5870000	3	0.0210000	 20.3176300	 40.4986900
 0.0194760	15.6600960	-0.9738250	-0.0546220	 9.3800490	3	0.0193000	 99.3136800	 49.8530200
 0.0306251	16.6843690	-1.2327700	-0.0417800	10.9460630	3	0.0300000	109.4912100	  9.6930100
 0.0391240	16.6993280	 1.5303110	-0.0620880	10.5785200	3	0.0393610	266.0322200	 40.8808600
 0.0335534	16.9711210	-2.0391040	-0.0885800	11.0287170	3	0.0343070	 42.5301800	 12.8459100
 0.0281766	16.4829730	-2.0903700	-0.0325960	10.6570000	3	0.0283410	260.6901100	 62.1640700
 0.0211505	15.8759460	 0.0729900	 0.1022140	10.6190000	3	0.0200710	146.7062300	 16.0438300
 0.0321260	17.0009510	 0.3989480	 0.0732030	 9.3500000	3	0.0310210	171.4132700	 22.8302900
 0.0147303	15.0649710	-1.1666900	 0.0417040	10.9820000	3	0.0157010	308.2257920	  9.9285280
 0.0146319	14.6832300	 0.0973840	-0.1331260	 9.9500000	3	0.0158000	327.2825320	  0.4442220
 0.0275950	17.1528810	-1.8060350	 0.1270630	11.0790000	3	0.0267000	129.5965880	 17.6277220
 0.0470193	17.4526910	 1.3338840	 0.0783230	10.2250000	3	0.0459000	191.6029970	 11.9489160
 0.0334615	17.3700530	-0.9865490	 0.1726650	10.4460000	3	0.0323090	156.7671900	 16.0188300
 0.0098701	14.1574980	-0.1174020	 0.0222580	 9.7089030	3	0.0093700	101.4312500	-31.2312500
 0.0801021	18.4710390	 0.2138460	-0.0373910	10.9020000	3	0.0794000	224.1818700	  9.3284720
 0.0133038	14.8758430	-1.1805470	-0.0914810	10.6915090	3	0.0124000	207.5013730	-30.5761660
 0.0242139	15.8657120	 0.3967940	-0.0327890	10.1570000	3	0.0231000	184.3215790	 16.3715550
 0.0150423	15.6385530	-1.1626900	 0.2054430	10.3578190	3	0.0139000	192.4209590	-11.0964720
 0.0148949	14.8347690	-1.2820320	-0.1298150	10.8427470	3	0.0149100	 77.9531000	  5.1942200
 0.0283535	16.2845310	 1.4254250	-0.0241060	10.5520000	3	0.0289770	 47.2056500	 -7.0334000
 0.0340871	16.4501220	 0.9408290	-0.0867430	 6.0000000	3	0.0348970	 36.9301600	 28.1768600
 0.0449238	17.3226220	 0.7397910	-0.0282580	10.5540000	2	0.0458900	 29.1997910	 -0.2137200
 0.0329155	16.7642110	-1.0713010	-0.1125590	10.6000630	3	0.0340440	359.6350900	-18.7091600
 0.0748670	18.4117920	 0.6842840	-0.0136610	10.1820000	2	0.0760000	 19.1825100	  0.7946280
 0.0138811	15.4890340	-0.6979780	 0.1483760	10.9340000	3	0.0151200	338.5304500	  5.5683400
 0.0208071	15.5415310	-1.3880820	-0.0969780	11.1800000	3	0.0196070	160.1175800	  9.2022800
 0.0401635	17.6171640	-1.2442580	 0.0694490	10.9614510	3	0.0409980	 32.7072000	 34.9827300
 0.0259390	16.1614700	 0.4240160	-0.0343230	10.4100000	3	0.0252040	132.3096700	 36.1296400
 0.0268467	15.9225180	-0.4491350	-0.1176670	11.0251990	3	0.0263220	105.4027500	 14.1329900
 0.0239684	16.1582530	-0.8580680	 0.0242210	10.8660000	3	0.0231060	190.4370600	 35.0688700
 0.0691286	18.3941730	-1.4086480	-0.1198090	10.2490000	3	0.0678500	159.8676600	  5.1834400
 0.0651970	18.0950530	 0.6457200	-0.0446070	 7.9890000	3	0.0640010	183.6614500	 12.2299300
 0.0229240	16.4545850	-1.0432230	 0.0824290	 9.8470000	3	0.0225390	159.3775700	 65.0160500
 0.0179892	14.9984500	 0.1530200	-0.1049730	 8.9330000	3	0.0167380	171.0143000	-12.2915300
 0.0314868	16.4620730	-1.3434130	-0.1174840	11.3140000	3	0.0309350	183.0610400	 56.1797500
 0.0105488	14.3429730	-1.6487940	-0.0831550	10.9150000	3	0.0109000	340.0670780	-66.4850850
 0.0214462	16.2069930	-1.5176850	 0.0492120	10.8430000	3	0.0219050	279.9955900	 39.9823200
 0.0324883	16.9115640	 0.2656520	 0.0628510	11.3810000	3	0.0321560	239.1271900	 20.0459300
 0.0233415	16.0245340	 0.3531580	 0.0965790	10.1030000	3	0.0222890	184.8120400	 22.4271900
 0.0191413	15.7437110	-1.0050310	-0.0312480	10.4138390	3	0.0202670	  9.7492200	 -9.0159500
 0.0211715	15.9708890	 0.9363990	 0.1217020	10.6454670	3	0.0221720	 10.6907500	-23.5582800
 0.0334423	16.9687370	 0.8787870	 0.0740360	10.7813610	3	0.0345970	338.0944900	 30.8288300
 0.0359696	17.4099010	-2.1282160	 0.0077580	10.9250000	3	0.0370020	 11.6603300	 36.3326900
 0.0229044	15.9906160	 0.9411860	 0.0034040	 9.6565860	3	0.0230160	258.0008100	 46.5559800
 0.0142688	15.0580860	-1.8970400	-0.0790580	10.8090000	3	0.0142770	 92.1302800	 64.7235600
 0.0369486	18.1302720	-2.8629590	 0.2288100	 5.0000000	2	0.0380900	 14.1216910	 -1.2267080
 0.0613904	17.8362620	 0.9088370	-0.0410390	 8.9850000	2	0.0625500	320.9289320	 -0.8434690
 0.0581618	18.1955120	-2.3655430	-0.0444760	11.3230000	2	0.0591600	 27.9506000	  0.2633120
 0.0706584	18.4122150	 0.5484670	 0.0789500	10.3270000	2	0.0719000	328.9937020	 -1.0701980
 0.0300440	16.8350650	 0.4668400	 0.1658000	10.9992600	3	0.0297040	120.0350900	 56.3686800
 0.0329648	16.8412190	 0.9707960	 0.0209550	10.4500000	3	0.0321020	191.4126400	 35.0867100
 0.0229521	16.1501680	-1.2903530	-0.0017520	10.5890000	3	0.0241400	  0.8959300	 23.1960200
 0.0150353	15.7197650	-1.3210700	 0.0903930	 9.5097440	3	0.0158780	 29.5656700	 36.3493800
 0.0642418	17.7984920	 1.8492660	-0.0096380	11.3200000	3	0.0643880	255.4669500	 79.0317400
 0.0218879	15.9021900	-1.2237720	-0.0140610	10.8140000	3	0.0207710	169.8106900	 20.8089600
 0.0319894	16.5809400	-1.3809620	-0.0477730	10.7360000	3	0.0310180	127.8890600	 -1.1993700
 0.0192384	15.8933100	-2.7243190	 0.0268020	11.1170000	3	0.0181260	176.4410500	 19.7704800
 0.0265515	16.5040060	-0.1378060	 0.1052880	10.5196080	3	0.0269620	275.7650000	 29.8970500
 0.0246882	15.7978480	-0.6579410	-0.0608050	 9.7045070	3	0.0259180	333.6684300	  5.0801600
 0.0241766	15.8955010	 0.6187660	-0.0554110	10.0270000	3	0.0235900	195.8127500	 50.6187600
 0.0228313	16.0682680	 0.7606050	 0.0521860	 6.0000000	3	0.0240000	358.5539900	 27.4091700
 0.0223686	15.7185400	 0.4306390	-0.0383670	11.2120000	3	0.0212750	181.0119900	 20.2450800
